{
  "nbformat": 4,
  "nbformat_minor": 0,
  "metadata": {
    "colab": {
      "provenance": [],
      "authorship_tag": "ABX9TyO6m+dxPe4KkgA9ysx2Izob"
    },
    "kernelspec": {
      "name": "python3",
      "display_name": "Python 3"
    },
    "language_info": {
      "name": "python"
    }
  },
  "cells": [
    {
      "cell_type": "markdown",
      "source": [
        "Задача:\n",
        "\n",
        "Для случайных СЛАУ вида $Ax = b$, размерности $n$, найти обратную матрицу, добавив к ней единичную той же размерности и выполнив над расширенной матрицей преобразованиее Гаусса-Жордана. $(A|E) \\rightarrow (E|A^{-1})$\n",
        "\n",
        "Протетстировать обратную мтарицу, которая сформируется на месте добавленной единичной матрицы, затем найти решение через эту обратную матрицу. ($x = A^{-1}b$)\n",
        "\n",
        "Далее протестировать полученное решение, найдя для него невзяку $dx = b - Ax$.\n",
        "\n",
        "Теория всё та же, что и с методом Гаусса, что очень тривиальна в доказательстве. Потому здесь я даже для себя расписывать ничего не буду. Реализация метода абсолютно такая же, если не проще. Асимптотика решения остаётся всё той же $O(N^3)$.\n",
        "\n",
        "Зато я научусь находить обратную матрицу самостоятельно. Теперь я точно хочу реализовать хотя бы метод гаусса на плюсах."
      ],
      "metadata": {
        "id": "EfviAm0I9V3q"
      }
    },
    {
      "cell_type": "code",
      "execution_count": 1,
      "metadata": {
        "id": "KO23EDI89Scu"
      },
      "outputs": [],
      "source": [
        "import numpy as np\n",
        "from typing import Tuple\n",
        "from sympy import Matrix, init_printing\n",
        "init_printing()\n",
        "\n",
        "def isEqual(x, y) -> bool:\n",
        "  return np.isclose(x, y, rtol=1e-05, atol=1e-08, equal_nan=False)\n",
        "\n",
        "def GenerateMatrixOnes(N: int) -> Tuple[np.ndarray, np.ndarray]:\n",
        "  Matr = np.full((N, N), 0.5) - np.random.rand(N, N)\n",
        "  A = np.dot(Matr.T, Matr)\n",
        "  b = np.zeros((N, 1))\n",
        "  for i in range(N):\n",
        "    b[i] += np.sum(A[i, :])\n",
        "\n",
        "  return (A, b)\n",
        "\n",
        "def GaussianElimination(A: np.ndarray) -> Tuple[np.ndarray, int]:\n",
        "  N: int = A.shape[0]\n",
        "  C = A.copy()\n",
        "  rank: int = 1\n",
        "\n",
        "  for i in range(0, N - 1):\n",
        "    # если на гл. диагонали возник ноль, то поднимаем наверх первую строку\n",
        "    # с ненулевым значением на i-том столбце\n",
        "    if np.abs(C[i, i]) == 0:\n",
        "      for k in range(i + 1, N):\n",
        "        if np.abs(C[k, i]) > np.abs(C[i, i]):\n",
        "          C[[i, k]] = C[[k, i]]\n",
        "          break\n",
        "\n",
        "    # если же весь нижний столбец нулевой, то пропускаем шаг\n",
        "    if (isEqual(C[i, i], 0)):\n",
        "      continue\n",
        "\n",
        "    rank += 1\n",
        "    # сам метод Гаусса\n",
        "    for j in range(i + 1, N):\n",
        "      m = C[j, i] / C[i, i]\n",
        "      C[j, : ] = C[j, : ] - m * C[i, : ]\n",
        "\n",
        "  return (C, rank)\n",
        "\n",
        "def StepBack(C: np.ndarray) -> None:\n",
        "  N = C.shape[0]\n",
        "\n",
        "  for i in range(N - 1, -1, -1):\n",
        "    C[i] /= C[i, i]\n",
        "    for j in range(i - 1, -1, -1):\n",
        "      C[j] -= C[j, i] * C[i]"
      ]
    },
    {
      "cell_type": "markdown",
      "source": [
        "Нахождение обратной матрицы и вывод требуемых в лабораторной работе параметров."
      ],
      "metadata": {
        "id": "7qoImlqBJIdl"
      }
    },
    {
      "cell_type": "code",
      "source": [
        "N: int = 4\n",
        "\n",
        "A, b = GenerateMatrixOnes(N)\n",
        "E = np.eye(N)\n",
        "print(\"Сгенерированная матрица\")\n",
        "display(Matrix(A))\n",
        "\n",
        "C = A.copy()\n",
        "expanded = np.concatenate([C, E], axis=1)\n",
        "print(\"Расширенная матрица\")\n",
        "display(Matrix(expanded))\n",
        "\n",
        "GE_exp, rank = GaussianElimination(expanded)\n",
        "\n",
        "print(f\"Ранг матрицы = {rank}\")\n",
        "if rank == N:\n",
        "  StepBack(GE_exp)\n",
        "\n",
        "invA = np.split(GE_exp, 2, axis=1)[1]\n",
        "\n",
        "x = np.matmul(invA, b)\n",
        "dx = b - np.matmul(A, x)\n",
        "\n",
        "\n",
        "print(\"Расширенная матрица после метода Гаусса\")\n",
        "display(Matrix(GE_exp))\n",
        "print(\"Обратная матрица\")\n",
        "print(invA)\n",
        "display(Matrix(invA))\n",
        "print(\"Обратная матрица функцией invert\")\n",
        "display(Matrix(np.linalg.inv(A)))\n",
        "print(\"Проверка А * А^-1\")\n",
        "display(Matrix(np.matmul(A, invA)))\n",
        "print(\"Подсчет невязки\")\n",
        "display(Matrix(dx))"
      ],
      "metadata": {
        "colab": {
          "base_uri": "https://localhost:8080/",
          "height": 796
        },
        "id": "upF89A3G3Gq8",
        "outputId": "c21bd945-0f37-43b7-83e3-fea94d1edb82"
      },
      "execution_count": 3,
      "outputs": [
        {
          "output_type": "stream",
          "name": "stdout",
          "text": [
            "Сгенерированная матрица\n"
          ]
        },
        {
          "output_type": "display_data",
          "data": {
            "text/plain": [
              "⎡ 0.46857096610331   -0.106786707633028   -0.189007711236203    0.193514846011\n",
              "⎢                                                                             \n",
              "⎢-0.106786707633028   0.111576838619592   -0.0289851790022163  0.0072777658620\n",
              "⎢                                                                             \n",
              "⎢-0.189007711236203  -0.0289851790022163   0.353696376795842   -0.187011987178\n",
              "⎢                                                                             \n",
              "⎣0.193514846011087   0.00727776586208754  -0.187011987178556    0.304168484082\n",
              "\n",
              "087 ⎤\n",
              "    ⎥\n",
              "8754⎥\n",
              "    ⎥\n",
              "556 ⎥\n",
              "    ⎥\n",
              "137 ⎦"
            ],
            "text/latex": "$\\displaystyle \\left[\\begin{matrix}0.46857096610331 & -0.106786707633028 & -0.189007711236203 & 0.193514846011087\\\\-0.106786707633028 & 0.111576838619592 & -0.0289851790022163 & 0.00727776586208754\\\\-0.189007711236203 & -0.0289851790022163 & 0.353696376795842 & -0.187011987178556\\\\0.193514846011087 & 0.00727776586208754 & -0.187011987178556 & 0.304168484082137\\end{matrix}\\right]$"
          },
          "metadata": {}
        },
        {
          "output_type": "stream",
          "name": "stdout",
          "text": [
            "Расширенная матрица\n"
          ]
        },
        {
          "output_type": "display_data",
          "data": {
            "text/plain": [
              "⎡ 0.46857096610331   -0.106786707633028   -0.189007711236203    0.193514846011\n",
              "⎢                                                                             \n",
              "⎢-0.106786707633028   0.111576838619592   -0.0289851790022163  0.0072777658620\n",
              "⎢                                                                             \n",
              "⎢-0.189007711236203  -0.0289851790022163   0.353696376795842   -0.187011987178\n",
              "⎢                                                                             \n",
              "⎣0.193514846011087   0.00727776586208754  -0.187011987178556    0.304168484082\n",
              "\n",
              "087   1.0   0    0    0 ⎤\n",
              "                        ⎥\n",
              "8754   0   1.0   0    0 ⎥\n",
              "                        ⎥\n",
              "556    0    0   1.0   0 ⎥\n",
              "                        ⎥\n",
              "137    0    0    0   1.0⎦"
            ],
            "text/latex": "$\\displaystyle \\left[\\begin{matrix}0.46857096610331 & -0.106786707633028 & -0.189007711236203 & 0.193514846011087 & 1.0 & 0 & 0 & 0\\\\-0.106786707633028 & 0.111576838619592 & -0.0289851790022163 & 0.00727776586208754 & 0 & 1.0 & 0 & 0\\\\-0.189007711236203 & -0.0289851790022163 & 0.353696376795842 & -0.187011987178556 & 0 & 0 & 1.0 & 0\\\\0.193514846011087 & 0.00727776586208754 & -0.187011987178556 & 0.304168484082137 & 0 & 0 & 0 & 1.0\\end{matrix}\\right]$"
          },
          "metadata": {}
        },
        {
          "output_type": "stream",
          "name": "stdout",
          "text": [
            "Ранг матрицы = 4\n",
            "Расширенная матрица после метода Гаусса\n"
          ]
        },
        {
          "output_type": "display_data",
          "data": {
            "text/plain": [
              "⎡1.0            0             0    0    5.1094656619022   5.56563232110262   2\n",
              "⎢                                                                             \n",
              "⎢ 0            1.0            0    0   5.56563232110262   15.2464391772032   3\n",
              "⎢                                                                             \n",
              "⎢ 0   -1.21929392886947e-17  1.0   0   2.07035912924583   3.19817384480496   5\n",
              "⎢                                                                             \n",
              "⎣ 0   -3.99501634410681e-17   0   1.0  -2.11093814230431  -1.93937137128248  1\n",
              "\n",
              ".07035912924583  -2.11093814230431⎤\n",
              "                                  ⎥\n",
              ".19817384480496  -1.93937137128248⎥\n",
              "                                  ⎥\n",
              ".12481543951571  1.75718773878773 ⎥\n",
              "                                  ⎥\n",
              ".75718773878773  5.75742531797072 ⎦"
            ],
            "text/latex": "$\\displaystyle \\left[\\begin{matrix}1.0 & 0 & 0 & 0 & 5.1094656619022 & 5.56563232110262 & 2.07035912924583 & -2.11093814230431\\\\0 & 1.0 & 0 & 0 & 5.56563232110262 & 15.2464391772032 & 3.19817384480496 & -1.93937137128248\\\\0 & -1.21929392886947 \\cdot 10^{-17} & 1.0 & 0 & 2.07035912924583 & 3.19817384480496 & 5.12481543951571 & 1.75718773878773\\\\0 & -3.99501634410681 \\cdot 10^{-17} & 0 & 1.0 & -2.11093814230431 & -1.93937137128248 & 1.75718773878773 & 5.75742531797072\\end{matrix}\\right]$"
          },
          "metadata": {}
        },
        {
          "output_type": "stream",
          "name": "stdout",
          "text": [
            "Обратная матрица\n",
            "[[ 5.10946566  5.56563232  2.07035913 -2.11093814]\n",
            " [ 5.56563232 15.24643918  3.19817384 -1.93937137]\n",
            " [ 2.07035913  3.19817384  5.12481544  1.75718774]\n",
            " [-2.11093814 -1.93937137  1.75718774  5.75742532]]\n"
          ]
        },
        {
          "output_type": "display_data",
          "data": {
            "text/plain": [
              "⎡ 5.1094656619022   5.56563232110262   2.07035912924583  -2.11093814230431⎤\n",
              "⎢                                                                         ⎥\n",
              "⎢5.56563232110262   15.2464391772032   3.19817384480496  -1.93937137128248⎥\n",
              "⎢                                                                         ⎥\n",
              "⎢2.07035912924583   3.19817384480496   5.12481543951571  1.75718773878773 ⎥\n",
              "⎢                                                                         ⎥\n",
              "⎣-2.11093814230431  -1.93937137128248  1.75718773878773  5.75742531797072 ⎦"
            ],
            "text/latex": "$\\displaystyle \\left[\\begin{matrix}5.1094656619022 & 5.56563232110262 & 2.07035912924583 & -2.11093814230431\\\\5.56563232110262 & 15.2464391772032 & 3.19817384480496 & -1.93937137128248\\\\2.07035912924583 & 3.19817384480496 & 5.12481543951571 & 1.75718773878773\\\\-2.11093814230431 & -1.93937137128248 & 1.75718773878773 & 5.75742531797072\\end{matrix}\\right]$"
          },
          "metadata": {}
        },
        {
          "output_type": "stream",
          "name": "stdout",
          "text": [
            "Обратная матрица функцией invert\n"
          ]
        },
        {
          "output_type": "display_data",
          "data": {
            "text/plain": [
              "⎡ 5.1094656619022   5.56563232110262   2.07035912924584  -2.11093814230431⎤\n",
              "⎢                                                                         ⎥\n",
              "⎢5.56563232110262   15.2464391772032   3.19817384480496  -1.93937137128248⎥\n",
              "⎢                                                                         ⎥\n",
              "⎢2.07035912924584   3.19817384480496   5.12481543951571  1.75718773878773 ⎥\n",
              "⎢                                                                         ⎥\n",
              "⎣-2.11093814230431  -1.93937137128248  1.75718773878773  5.75742531797072 ⎦"
            ],
            "text/latex": "$\\displaystyle \\left[\\begin{matrix}5.1094656619022 & 5.56563232110262 & 2.07035912924584 & -2.11093814230431\\\\5.56563232110262 & 15.2464391772032 & 3.19817384480496 & -1.93937137128248\\\\2.07035912924584 & 3.19817384480496 & 5.12481543951571 & 1.75718773878773\\\\-2.11093814230431 & -1.93937137128248 & 1.75718773878773 & 5.75742531797072\\end{matrix}\\right]$"
          },
          "metadata": {}
        },
        {
          "output_type": "stream",
          "name": "stdout",
          "text": [
            "Проверка А * А^-1\n"
          ]
        },
        {
          "output_type": "display_data",
          "data": {
            "text/plain": [
              "⎡         1.0           -4.86798644966099e-16  8.87409125808613e-17   -2.74366\n",
              "⎢                                                                             \n",
              "⎢-5.45160511466362e-17           1.0           -5.93746005039595e-17  1.592488\n",
              "⎢                                                                             \n",
              "⎢-7.37719736161562e-17  1.59649722099049e-16            1.0           -4.33690\n",
              "⎢                                                                             \n",
              "⎣-6.5819085082308e-17   -2.65692153045423e-16  -9.46396068378337e-17          \n",
              "\n",
              "163806356e-17⎤\n",
              "             ⎥\n",
              "36316219e-17 ⎥\n",
              "             ⎥\n",
              "415693588e-17⎥\n",
              "             ⎥\n",
              " 1.0         ⎦"
            ],
            "text/latex": "$\\displaystyle \\left[\\begin{matrix}1.0 & -4.86798644966099 \\cdot 10^{-16} & 8.87409125808613 \\cdot 10^{-17} & -2.74366163806356 \\cdot 10^{-17}\\\\-5.45160511466362 \\cdot 10^{-17} & 1.0 & -5.93746005039595 \\cdot 10^{-17} & 1.59248836316219 \\cdot 10^{-17}\\\\-7.37719736161562 \\cdot 10^{-17} & 1.59649722099049 \\cdot 10^{-16} & 1.0 & -4.33690415693588 \\cdot 10^{-17}\\\\-6.5819085082308 \\cdot 10^{-17} & -2.65692153045423 \\cdot 10^{-16} & -9.46396068378337 \\cdot 10^{-17} & 1.0\\end{matrix}\\right]$"
          },
          "metadata": {}
        },
        {
          "output_type": "stream",
          "name": "stdout",
          "text": [
            "Подсчет невязки\n"
          ]
        },
        {
          "output_type": "display_data",
          "data": {
            "text/plain": [
              "⎡-5.55111512312578e-17⎤\n",
              "⎢                     ⎥\n",
              "⎢-1.38777878078145e-17⎥\n",
              "⎢                     ⎥\n",
              "⎢8.32667268468867e-17 ⎥\n",
              "⎢                     ⎥\n",
              "⎣-5.55111512312578e-17⎦"
            ],
            "text/latex": "$\\displaystyle \\left[\\begin{matrix}-5.55111512312578 \\cdot 10^{-17}\\\\-1.38777878078145 \\cdot 10^{-17}\\\\8.32667268468867 \\cdot 10^{-17}\\\\-5.55111512312578 \\cdot 10^{-17}\\end{matrix}\\right]$"
          },
          "metadata": {}
        }
      ]
    }
  ]
}